QERFC_Li_Li
N	990 0.100000 10.000000

1	0.100000	135.643832	1308.032270
2	0.110000	122.563510	1199.010025
3	0.120000	111.663632	1006.122886
4	0.130000	102.441052	856.362635
5	0.140000	94.536379	737.749588
6	0.150000	87.686060	642.197457
7	0.160000	81.692430	564.086361
8	0.170000	76.404333	499.411326
9	0.180000	71.704203	445.255320
10	0.190000	67.499226	399.452666
11	0.200000	63.715150	360.368058
12	0.210000	60.291865	326.747894
13	0.220000	57.180192	297.618084
14	0.230000	54.339504	272.212424
15	0.240000	51.735944	249.921512
16	0.250000	49.341073	230.255745
17	0.260000	47.130829	212.818118
18	0.270000	45.084711	197.283963
19	0.280000	43.185150	183.385690
20	0.290000	41.416997	170.901148
21	0.300000	39.767127	159.644669
22	0.310000	38.224104	149.460105
23	0.320000	36.777924	140.215366
24	0.330000	35.419796	131.798108
25	0.340000	34.141962	124.112290
26	0.350000	32.937551	117.075416
27	0.360000	31.800454	110.616302
28	0.370000	30.725225	104.673271
29	0.380000	29.706989	99.192661
30	0.390000	28.741371	94.127610
31	0.400000	27.824436	89.437050
32	0.410000	26.952630	85.084863
33	0.420000	26.122739	81.039184
34	0.430000	25.331847	77.271816
35	0.440000	24.577303	73.757731
36	0.450000	23.856692	70.474655
37	0.460000	23.167810	67.402709
38	0.470000	22.508638	64.524110
39	0.480000	21.877327	61.822908
40	0.490000	21.272180	59.284766
41	0.500000	20.691632	56.896769
42	0.510000	20.134244	54.647253
43	0.520000	19.598687	52.525670
44	0.530000	19.083731	50.522455
45	0.540000	18.588238	48.628923
46	0.550000	18.111153	46.837171
47	0.560000	17.651495	45.139996
48	0.570000	17.208353	43.530821
49	0.580000	16.780878	42.003634
50	0.590000	16.368280	40.552925
51	0.600000	15.969820	39.173642
52	0.610000	15.584807	37.861144
53	0.620000	15.212597	36.611160
54	0.630000	14.852584	35.419757
55	0.640000	14.504202	34.283305
56	0.650000	14.166918	33.198454
57	0.660000	13.840233	32.162104
58	0.670000	13.523676	31.171386
59	0.680000	13.216805	30.223639
60	0.690000	12.919203	29.316396
61	0.700000	12.630477	28.447362
62	0.710000	12.350256	27.614404
63	0.720000	12.078189	26.815538
64	0.730000	11.813945	26.048912
65	0.740000	11.557211	25.312800
66	0.750000	11.307689	24.605591
67	0.760000	11.065099	23.925777
68	0.770000	10.829173	23.271950
69	0.780000	10.599660	22.642789
70	0.790000	10.376318	22.037060
71	0.800000	10.158919	21.453602
72	0.810000	9.947246	20.891326
73	0.820000	9.741092	20.349211
74	0.830000	9.540261	19.826295
75	0.840000	9.344566	19.321674
76	0.850000	9.153828	18.834497
77	0.860000	8.967876	18.363962
78	0.870000	8.786549	17.909313
79	0.880000	8.609690	17.469835
80	0.890000	8.437152	17.044856
81	0.900000	8.268793	16.633740
82	0.910000	8.104477	16.235884
83	0.920000	7.944075	15.850719
84	0.930000	7.787463	15.477708
85	0.940000	7.634521	15.116340
86	0.950000	7.485136	14.766132
87	0.960000	7.339198	14.426625
88	0.970000	7.196603	14.097385
89	0.980000	7.057251	13.777999
90	0.990000	6.921043	13.468075
91	1.000000	6.787889	13.167241
92	1.010000	6.657699	12.875142
93	1.020000	6.530386	12.591443
94	1.030000	6.405870	12.315821
95	1.040000	6.284070	12.047973
96	1.050000	6.164910	11.787607
97	1.060000	6.048318	11.534446
98	1.070000	5.934221	11.288227
99	1.080000	5.822553	11.048696
100	1.090000	5.713247	10.815615
101	1.100000	5.606241	10.588752
102	1.110000	5.501472	10.367889
103	1.120000	5.398883	10.152816
104	1.130000	5.298416	9.943333
105	1.140000	5.200016	9.739247
106	1.150000	5.103631	9.540377
107	1.160000	5.009209	9.346546
108	1.170000	4.916700	9.157586
109	1.180000	4.826057	8.973337
110	1.190000	4.737234	8.793644
111	1.200000	4.650184	8.618359
112	1.210000	4.564866	8.447341
113	1.220000	4.481238	8.280454
114	1.230000	4.399257	8.117567
115	1.240000	4.318886	7.958554
116	1.250000	4.240086	7.803297
117	1.260000	4.162820	7.651679
118	1.270000	4.087053	7.503588
119	1.280000	4.012748	7.358920
120	1.290000	3.939874	7.217570
121	1.300000	3.868397	7.079440
122	1.310000	3.798285	6.944436
123	1.320000	3.729508	6.812465
124	1.330000	3.662036	6.683440
125	1.340000	3.595840	6.557277
126	1.350000	3.530891	6.433893
127	1.360000	3.467162	6.313210
128	1.370000	3.404626	6.195152
129	1.380000	3.343259	6.079646
130	1.390000	3.283033	5.966622
131	1.400000	3.223926	5.856011
132	1.410000	3.165913	5.747748
133	1.420000	3.108971	5.641770
134	1.430000	3.053078	5.538016
135	1.440000	2.998211	5.436426
136	1.450000	2.944349	5.336943
137	1.460000	2.891472	5.239513
138	1.470000	2.839559	5.144082
139	1.480000	2.788590	5.050598
140	1.490000	2.738547	4.959013
141	1.500000	2.689410	4.869277
142	1.510000	2.641162	4.781344
143	1.520000	2.593783	4.695169
144	1.530000	2.547258	4.610709
145	1.540000	2.501569	4.527921
146	1.550000	2.456700	4.446764
147	1.560000	2.412634	4.367198
148	1.570000	2.369356	4.289186
149	1.580000	2.326850	4.212690
150	1.590000	2.285102	4.137675
151	1.600000	2.244097	4.064104
152	1.610000	2.203820	3.991944
153	1.620000	2.164258	3.921163
154	1.630000	2.125397	3.851728
155	1.640000	2.087223	3.783609
156	1.650000	2.049724	3.716775
157	1.660000	2.012888	3.651198
158	1.670000	1.976700	3.586849
159	1.680000	1.941151	3.523700
160	1.690000	1.906226	3.461725
161	1.700000	1.871916	3.400898
162	1.710000	1.838209	3.341194
163	1.720000	1.805092	3.282588
164	1.730000	1.772557	3.225056
165	1.740000	1.740591	3.168576
166	1.750000	1.709185	3.113124
167	1.760000	1.678329	3.058680
168	1.770000	1.648012	3.005221
169	1.780000	1.618224	2.952726
170	1.790000	1.588957	2.901177
171	1.800000	1.560201	2.850552
172	1.810000	1.531946	2.800833
173	1.820000	1.504184	2.752002
174	1.830000	1.476906	2.704040
175	1.840000	1.450103	2.656929
176	1.850000	1.423767	2.610652
177	1.860000	1.397890	2.565193
178	1.870000	1.372464	2.520535
179	1.880000	1.347480	2.476663
180	1.890000	1.322930	2.433560
181	1.900000	1.298808	2.391212
182	1.910000	1.275106	2.349603
183	1.920000	1.251816	2.308720
184	1.930000	1.228932	2.268548
185	1.940000	1.206445	2.229073
186	1.950000	1.184350	2.190283
187	1.960000	1.162640	2.152164
188	1.970000	1.141307	2.114703
189	1.980000	1.120346	2.077888
190	1.990000	1.099749	2.041707
191	2.000000	1.079511	2.006148
192	2.010000	1.059626	1.971199
193	2.020000	1.040088	1.936849
194	2.030000	1.020889	1.903086
195	2.040000	1.002026	1.869901
196	2.050000	0.983491	1.837282
197	2.060000	0.965280	1.805219
198	2.070000	0.947387	1.773702
199	2.080000	0.929806	1.742721
200	2.090000	0.912532	1.712266
201	2.100000	0.895561	1.682328
202	2.110000	0.878886	1.652898
203	2.120000	0.862503	1.623966
204	2.130000	0.846407	1.595524
205	2.140000	0.830592	1.567563
206	2.150000	0.815055	1.540074
207	2.160000	0.799791	1.513050
208	2.170000	0.784794	1.486481
209	2.180000	0.770061	1.460361
210	2.190000	0.755587	1.434681
211	2.200000	0.741368	1.409433
212	2.210000	0.727398	1.384611
213	2.220000	0.713675	1.360206
214	2.230000	0.700194	1.336212
215	2.240000	0.686951	1.312622
216	2.250000	0.673942	1.289428
217	2.260000	0.661163	1.266623
218	2.270000	0.648609	1.244202
219	2.280000	0.636279	1.222158
220	2.290000	0.624166	1.200484
221	2.300000	0.612269	1.179174
222	2.310000	0.600583	1.158222
223	2.320000	0.589104	1.137622
224	2.330000	0.577830	1.117368
225	2.340000	0.566757	1.097454
226	2.350000	0.555881	1.077874
227	2.360000	0.545200	1.058624
228	2.370000	0.534709	1.039697
229	2.380000	0.524406	1.021088
230	2.390000	0.514287	1.002792
231	2.400000	0.504350	0.984803
232	2.410000	0.494591	0.967117
233	2.420000	0.485007	0.949728
234	2.430000	0.475596	0.932633
235	2.440000	0.466355	0.915825
236	2.450000	0.457280	0.899300
237	2.460000	0.448369	0.883054
238	2.470000	0.439619	0.867081
239	2.480000	0.431027	0.851378
240	2.490000	0.422591	0.835940
241	2.500000	0.414308	0.820763
242	2.510000	0.406176	0.805843
243	2.520000	0.398192	0.791174
244	2.530000	0.390353	0.776754
245	2.540000	0.382656	0.762578
246	2.550000	0.375101	0.748643
247	2.560000	0.367684	0.734943
248	2.570000	0.360402	0.721476
249	2.580000	0.353254	0.708238
250	2.590000	0.346237	0.695225
251	2.600000	0.339350	0.682434
252	2.610000	0.332589	0.669860
253	2.620000	0.325952	0.657501
254	2.630000	0.319439	0.645352
255	2.640000	0.313045	0.633411
256	2.650000	0.306770	0.621674
257	2.660000	0.300612	0.610138
258	2.670000	0.294568	0.598799
259	2.680000	0.288636	0.587655
260	2.690000	0.282815	0.576703
261	2.700000	0.277102	0.565938
262	2.710000	0.271496	0.555359
263	2.720000	0.265995	0.544962
264	2.730000	0.260597	0.534744
265	2.740000	0.255300	0.524702
266	2.750000	0.250103	0.514835
267	2.760000	0.245003	0.505137
268	2.770000	0.240000	0.495608
269	2.780000	0.235091	0.486245
270	2.790000	0.230275	0.477043
271	2.800000	0.225550	0.468002
272	2.810000	0.220915	0.459119
273	2.820000	0.216368	0.450390
274	2.830000	0.211907	0.441814
275	2.840000	0.207531	0.433387
276	2.850000	0.203239	0.425108
277	2.860000	0.199029	0.416975
278	2.870000	0.194900	0.408984
279	2.880000	0.190850	0.401133
280	2.890000	0.186877	0.393421
281	2.900000	0.182981	0.385845
282	2.910000	0.179160	0.378403
283	2.920000	0.175413	0.371092
284	2.930000	0.171738	0.363911
285	2.940000	0.168135	0.356857
286	2.950000	0.164601	0.349928
287	2.960000	0.161136	0.343123
288	2.970000	0.157739	0.336439
289	2.980000	0.154408	0.329874
290	2.990000	0.151141	0.323426
291	3.000000	0.147939	0.317094
292	3.010000	0.144799	0.310876
293	3.020000	0.141722	0.304769
294	3.030000	0.138704	0.298772
295	3.040000	0.135746	0.292883
296	3.050000	0.132846	0.287101
297	3.060000	0.130004	0.281423
298	3.070000	0.127218	0.275847
299	3.080000	0.124487	0.270373
300	3.090000	0.121810	0.264998
301	3.100000	0.119187	0.259721
302	3.110000	0.116616	0.254541
303	3.120000	0.114096	0.249455
304	3.130000	0.111627	0.244462
305	3.140000	0.109207	0.239560
306	3.150000	0.106836	0.234748
307	3.160000	0.104512	0.230025
308	3.170000	0.102235	0.225389
309	3.180000	0.100004	0.220838
310	3.190000	0.097819	0.216372
311	3.200000	0.095677	0.211988
312	3.210000	0.093579	0.207685
313	3.220000	0.091523	0.203463
314	3.230000	0.089509	0.199319
315	3.240000	0.087537	0.195252
316	3.250000	0.085604	0.191261
317	3.260000	0.083712	0.187345
318	3.270000	0.081858	0.183502
319	3.280000	0.080042	0.179732
320	3.290000	0.078263	0.176032
321	3.300000	0.076521	0.172403
322	3.310000	0.074815	0.168841
323	3.320000	0.073144	0.165347
324	3.330000	0.071508	0.161920
325	3.340000	0.069906	0.158557
326	3.350000	0.068337	0.155259
327	3.360000	0.066801	0.152023
328	3.370000	0.065296	0.148849
329	3.380000	0.063824	0.145736
330	3.390000	0.062382	0.142683
331	3.400000	0.060970	0.139688
332	3.410000	0.059588	0.136750
333	3.420000	0.058235	0.133870
334	3.430000	0.056910	0.131045
335	3.440000	0.055614	0.128275
336	3.450000	0.054345	0.125558
337	3.460000	0.053103	0.122894
338	3.470000	0.051887	0.120282
339	3.480000	0.050697	0.117721
340	3.490000	0.049533	0.115210
341	3.500000	0.048393	0.112748
342	3.510000	0.047278	0.110335
343	3.520000	0.046186	0.107969
344	3.530000	0.045118	0.105649
345	3.540000	0.044073	0.103375
346	3.550000	0.043051	0.101146
347	3.560000	0.042050	0.098962
348	3.570000	0.041072	0.096820
349	3.580000	0.040114	0.094721
350	3.590000	0.039177	0.092664
351	3.600000	0.038261	0.090648
352	3.610000	0.037364	0.088673
353	3.620000	0.036487	0.086737
354	3.630000	0.035629	0.084839
355	3.640000	0.034790	0.082980
356	3.650000	0.033970	0.081159
357	3.660000	0.033167	0.079374
358	3.670000	0.032382	0.077625
359	3.680000	0.031615	0.075912
360	3.690000	0.030864	0.074233
361	3.700000	0.030130	0.072589
362	3.710000	0.029412	0.070978
363	3.720000	0.028711	0.069400
364	3.730000	0.028024	0.067855
365	3.740000	0.027353	0.066341
366	3.750000	0.026698	0.064858
367	3.760000	0.026056	0.063406
368	3.770000	0.025429	0.061984
369	3.780000	0.024817	0.060591
370	3.790000	0.024218	0.059227
371	3.800000	0.023632	0.057891
372	3.810000	0.023060	0.056583
373	3.820000	0.022500	0.055303
374	3.830000	0.021954	0.054049
375	3.840000	0.021419	0.052821
376	3.850000	0.020897	0.051619
377	3.860000	0.020387	0.050442
378	3.870000	0.019888	0.049290
379	3.880000	0.019401	0.048163
380	3.890000	0.018925	0.047059
381	3.900000	0.018460	0.045978
382	3.910000	0.018006	0.044921
383	3.920000	0.017562	0.043886
384	3.930000	0.017128	0.042873
385	3.940000	0.016704	0.041881
386	3.950000	0.016290	0.040911
387	3.960000	0.015886	0.039962
388	3.970000	0.015491	0.039032
389	3.980000	0.015105	0.038123
390	3.990000	0.014729	0.037234
391	4.000000	0.014361	0.036364
392	4.010000	0.014001	0.035512
393	4.020000	0.013650	0.034679
394	4.030000	0.013308	0.033864
395	4.040000	0.012973	0.033067
396	4.050000	0.012646	0.032287
397	4.060000	0.012327	0.031524
398	4.070000	0.012016	0.030778
399	4.080000	0.011712	0.030049
400	4.090000	0.011415	0.029335
401	4.100000	0.011125	0.028637
402	4.110000	0.010842	0.027954
403	4.120000	0.010566	0.027287
404	4.130000	0.010296	0.026634
405	4.140000	0.010033	0.025996
406	4.150000	0.009777	0.025372
407	4.160000	0.009526	0.024762
408	4.170000	0.009281	0.024165
409	4.180000	0.009043	0.023582
410	4.190000	0.008810	0.023012
411	4.200000	0.008582	0.022455
412	4.210000	0.008361	0.021910
413	4.220000	0.008144	0.021378
414	4.230000	0.007933	0.020857
415	4.240000	0.007727	0.020349
416	4.250000	0.007526	0.019852
417	4.260000	0.007330	0.019366
418	4.270000	0.007139	0.018891
419	4.280000	0.006952	0.018427
420	4.290000	0.006770	0.017974
421	4.300000	0.006593	0.017531
422	4.310000	0.006420	0.017098
423	4.320000	0.006251	0.016675
424	4.330000	0.006086	0.016262
425	4.340000	0.005925	0.015858
426	4.350000	0.005769	0.015464
427	4.360000	0.005616	0.015079
428	4.370000	0.005467	0.014703
429	4.380000	0.005322	0.014335
430	4.390000	0.005181	0.013977
431	4.400000	0.005043	0.013626
432	4.410000	0.004908	0.013284
433	4.420000	0.004777	0.012950
434	4.430000	0.004649	0.012623
435	4.440000	0.004524	0.012304
436	4.450000	0.004403	0.011993
437	4.460000	0.004285	0.011689
438	4.470000	0.004169	0.011393
439	4.480000	0.004057	0.011103
440	4.490000	0.003947	0.010820
441	4.500000	0.003840	0.010544
442	4.510000	0.003736	0.010275
443	4.520000	0.003635	0.010012
444	4.530000	0.003536	0.009755
445	4.540000	0.003440	0.009504
446	4.550000	0.003346	0.009260
447	4.560000	0.003255	0.009021
448	4.570000	0.003166	0.008788
449	4.580000	0.003079	0.008561
450	4.590000	0.002994	0.008339
451	4.600000	0.002912	0.008123
452	4.610000	0.002832	0.007911
453	4.620000	0.002754	0.007705
454	4.630000	0.002678	0.007504
455	4.640000	0.002604	0.007308
456	4.650000	0.002532	0.007117
457	4.660000	0.002461	0.006931
458	4.670000	0.002393	0.006749
459	4.680000	0.002326	0.006571
460	4.690000	0.002262	0.006398
461	4.700000	0.002198	0.006229
462	4.710000	0.002137	0.006064
463	4.720000	0.002077	0.005904
464	4.730000	0.002019	0.005747
465	4.740000	0.001962	0.005594
466	4.750000	0.001907	0.005445
467	4.760000	0.001853	0.005300
468	4.770000	0.001801	0.005159
469	4.780000	0.001750	0.005021
470	4.790000	0.001701	0.004886
471	4.800000	0.001652	0.004755
472	4.810000	0.001605	0.004627
473	4.820000	0.001560	0.004503
474	4.830000	0.001515	0.004381
475	4.840000	0.001472	0.004263
476	4.850000	0.001430	0.004147
477	4.860000	0.001389	0.004035
478	4.870000	0.001349	0.003925
479	4.880000	0.001311	0.003819
480	4.890000	0.001273	0.003715
481	4.900000	0.001236	0.003613
482	4.910000	0.001201	0.003515
483	4.920000	0.001166	0.003418
484	4.930000	0.001132	0.003325
485	4.940000	0.001100	0.003233
486	4.950000	0.001068	0.003144
487	4.960000	0.001037	0.003058
488	4.970000	0.001007	0.002973
489	4.980000	0.000977	0.002891
490	4.990000	0.000949	0.002811
491	5.000000	0.000921	0.002733
492	5.010000	0.000894	0.002657
493	5.020000	0.000868	0.002583
494	5.030000	0.000842	0.002511
495	5.040000	0.000818	0.002441
496	5.050000	0.000794	0.002373
497	5.060000	0.000770	0.002306
498	5.070000	0.000748	0.002242
499	5.080000	0.000725	0.002179
500	5.090000	0.000704	0.002117
501	5.100000	0.000683	0.002058
502	5.110000	0.000663	0.002000
503	5.120000	0.000643	0.001943
504	5.130000	0.000624	0.001888
505	5.140000	0.000605	0.001834
506	5.150000	0.000587	0.001782
507	5.160000	0.000570	0.001732
508	5.170000	0.000553	0.001682
509	5.180000	0.000536	0.001634
510	5.190000	0.000520	0.001587
511	5.200000	0.000504	0.001542
512	5.210000	0.000489	0.001498
513	5.220000	0.000474	0.001455
514	5.230000	0.000460	0.001413
515	5.240000	0.000446	0.001372
516	5.250000	0.000433	0.001332
517	5.260000	0.000419	0.001294
518	5.270000	0.000407	0.001256
519	5.280000	0.000394	0.001220
520	5.290000	0.000382	0.001185
521	5.300000	0.000371	0.001150
522	5.310000	0.000359	0.001117
523	5.320000	0.000348	0.001084
524	5.330000	0.000338	0.001052
525	5.340000	0.000327	0.001021
526	5.350000	0.000317	0.000992
527	5.360000	0.000307	0.000962
528	5.370000	0.000298	0.000934
529	5.380000	0.000289	0.000907
530	5.390000	0.000280	0.000880
531	5.400000	0.000271	0.000854
532	5.410000	0.000263	0.000829
533	5.420000	0.000255	0.000804
534	5.430000	0.000247	0.000780
535	5.440000	0.000239	0.000757
536	5.450000	0.000232	0.000734
537	5.460000	0.000224	0.000712
538	5.470000	0.000217	0.000691
539	5.480000	0.000210	0.000670
540	5.490000	0.000204	0.000650
541	5.500000	0.000197	0.000631
542	5.510000	0.000191	0.000612
543	5.520000	0.000185	0.000593
544	5.530000	0.000179	0.000576
545	5.540000	0.000174	0.000558
546	5.550000	0.000168	0.000541
547	5.560000	0.000163	0.000525
548	5.570000	0.000158	0.000509
549	5.580000	0.000153	0.000493
550	5.590000	0.000148	0.000478
551	5.600000	0.000143	0.000464
552	5.610000	0.000139	0.000450
553	5.620000	0.000134	0.000436
554	5.630000	0.000130	0.000423
555	5.640000	0.000126	0.000410
556	5.650000	0.000122	0.000397
557	5.660000	0.000118	0.000385
558	5.670000	0.000114	0.000373
559	5.680000	0.000110	0.000362
560	5.690000	0.000107	0.000350
561	5.700000	0.000103	0.000339
562	5.710000	0.000100	0.000329
563	5.720000	0.000097	0.000319
564	5.730000	0.000094	0.000309
565	5.740000	0.000091	0.000299
566	5.750000	0.000088	0.000290
567	5.760000	0.000085	0.000281
568	5.770000	0.000082	0.000272
569	5.780000	0.000079	0.000264
570	5.790000	0.000077	0.000255
571	5.800000	0.000074	0.000247
572	5.810000	0.000072	0.000239
573	5.820000	0.000069	0.000232
574	5.830000	0.000067	0.000225
575	5.840000	0.000065	0.000218
576	5.850000	0.000063	0.000211
577	5.860000	0.000061	0.000204
578	5.870000	0.000059	0.000198
579	5.880000	0.000057	0.000191
580	5.890000	0.000055	0.000185
581	5.900000	0.000053	0.000179
582	5.910000	0.000051	0.000174
583	5.920000	0.000050	0.000168
584	5.930000	0.000048	0.000163
585	5.940000	0.000046	0.000157
586	5.950000	0.000045	0.000152
587	5.960000	0.000043	0.000147
588	5.970000	0.000042	0.000143
589	5.980000	0.000040	0.000138
590	5.990000	0.000039	0.000134
591	6.000000	0.000038	0.000129
592	6.010000	0.000036	0.000125
593	6.020000	0.000035	0.000121
594	6.030000	0.000034	0.000117
595	6.040000	0.000033	0.000113
596	6.050000	0.000032	0.000110
597	6.060000	0.000031	0.000106
598	6.070000	0.000030	0.000103
599	6.080000	0.000029	0.000099
600	6.090000	0.000028	0.000096
601	6.100000	0.000027	0.000093
602	6.110000	0.000026	0.000090
603	6.120000	0.000025	0.000087
604	6.130000	0.000024	0.000084
605	6.140000	0.000023	0.000081
606	6.150000	0.000022	0.000079
607	6.160000	0.000022	0.000076
608	6.170000	0.000021	0.000073
609	6.180000	0.000020	0.000071
610	6.190000	0.000020	0.000069
611	6.200000	0.000019	0.000066
612	6.210000	0.000018	0.000064
613	6.220000	0.000018	0.000062
614	6.230000	0.000017	0.000060
615	6.240000	0.000016	0.000058
616	6.250000	0.000016	0.000056
617	6.260000	0.000015	0.000054
618	6.270000	0.000015	0.000052
619	6.280000	0.000014	0.000050
620	6.290000	0.000014	0.000049
621	6.300000	0.000013	0.000047
622	6.310000	0.000013	0.000046
623	6.320000	0.000012	0.000044
624	6.330000	0.000012	0.000043
625	6.340000	0.000011	0.000041
626	6.350000	0.000011	0.000040
627	6.360000	0.000011	0.000038
628	6.370000	0.000010	0.000037
629	6.380000	0.000010	0.000036
630	6.390000	0.000010	0.000035
631	6.400000	0.000009	0.000033
632	6.410000	0.000009	0.000032
633	6.420000	0.000009	0.000031
634	6.430000	0.000008	0.000030
635	6.440000	0.000008	0.000029
636	6.450000	0.000008	0.000028
637	6.460000	0.000007	0.000027
638	6.470000	0.000007	0.000026
639	6.480000	0.000007	0.000025
640	6.490000	0.000007	0.000024
641	6.500000	0.000006	0.000023
642	6.510000	0.000006	0.000023
643	6.520000	0.000006	0.000022
644	6.530000	0.000006	0.000021
645	6.540000	0.000006	0.000020
646	6.550000	0.000005	0.000020
647	6.560000	0.000005	0.000019
648	6.570000	0.000005	0.000018
649	6.580000	0.000005	0.000018
650	6.590000	0.000005	0.000017
651	6.600000	0.000004	0.000016
652	6.610000	0.000004	0.000016
653	6.620000	0.000004	0.000015
654	6.630000	0.000004	0.000015
655	6.640000	0.000004	0.000014
656	6.650000	0.000004	0.000014
657	6.660000	0.000004	0.000013
658	6.670000	0.000003	0.000013
659	6.680000	0.000003	0.000012
660	6.690000	0.000003	0.000012
661	6.700000	0.000003	0.000011
662	6.710000	0.000003	0.000011
663	6.720000	0.000003	0.000011
664	6.730000	0.000003	0.000010
665	6.740000	0.000003	0.000010
666	6.750000	0.000003	0.000010
667	6.760000	0.000002	0.000009
668	6.770000	0.000002	0.000009
669	6.780000	0.000002	0.000009
670	6.790000	0.000002	0.000008
671	6.800000	0.000002	0.000008
672	6.810000	0.000002	0.000008
673	6.820000	0.000002	0.000007
674	6.830000	0.000002	0.000007
675	6.840000	0.000002	0.000007
676	6.850000	0.000002	0.000007
677	6.860000	0.000002	0.000006
678	6.870000	0.000002	0.000006
679	6.880000	0.000002	0.000006
680	6.890000	0.000001	0.000006
681	6.900000	0.000001	0.000005
682	6.910000	0.000001	0.000005
683	6.920000	0.000001	0.000005
684	6.930000	0.000001	0.000005
685	6.940000	0.000001	0.000005
686	6.950000	0.000001	0.000005
687	6.960000	0.000001	0.000004
688	6.970000	0.000001	0.000004
689	6.980000	0.000001	0.000004
690	6.990000	0.000001	0.000004
691	7.000000	0.000001	0.000004
692	7.010000	0.000001	0.000004
693	7.020000	0.000001	0.000004
694	7.030000	0.000001	0.000003
695	7.040000	0.000001	0.000003
696	7.050000	0.000001	0.000003
697	7.060000	0.000001	0.000003
698	7.070000	0.000001	0.000003
699	7.080000	0.000001	0.000003
700	7.090000	0.000001	0.000003
701	7.100000	0.000001	0.000003
702	7.110000	0.000001	0.000002
703	7.120000	0.000001	0.000002
704	7.130000	0.000001	0.000002
705	7.140000	0.000001	0.000002
706	7.150000	0.000001	0.000002
707	7.160000	0.000001	0.000002
708	7.170000	0.000000	0.000002
709	7.180000	0.000000	0.000002
710	7.190000	0.000000	0.000002
711	7.200000	0.000000	0.000002
712	7.210000	0.000000	0.000002
713	7.220000	0.000000	0.000002
714	7.230000	0.000000	0.000002
715	7.240000	0.000000	0.000002
716	7.250000	0.000000	0.000001
717	7.260000	0.000000	0.000001
718	7.270000	0.000000	0.000001
719	7.280000	0.000000	0.000001
720	7.290000	0.000000	0.000001
721	7.300000	0.000000	0.000001
722	7.310000	0.000000	0.000001
723	7.320000	0.000000	0.000001
724	7.330000	0.000000	0.000001
725	7.340000	0.000000	0.000001
726	7.350000	0.000000	0.000001
727	7.360000	0.000000	0.000001
728	7.370000	0.000000	0.000001
729	7.380000	0.000000	0.000001
730	7.390000	0.000000	0.000001
731	7.400000	0.000000	0.000001
732	7.410000	0.000000	0.000001
733	7.420000	0.000000	0.000001
734	7.430000	0.000000	0.000001
735	7.440000	0.000000	0.000001
736	7.450000	0.000000	0.000001
737	7.460000	0.000000	0.000001
738	7.470000	0.000000	0.000001
739	7.480000	0.000000	0.000001
740	7.490000	0.000000	0.000001
741	7.500000	0.000000	0.000001
742	7.510000	0.000000	0.000001
743	7.520000	0.000000	0.000000
744	7.530000	0.000000	0.000000
745	7.540000	0.000000	0.000000
746	7.550000	0.000000	0.000000
747	7.560000	0.000000	0.000000
748	7.570000	0.000000	0.000000
749	7.580000	0.000000	0.000000
750	7.590000	0.000000	0.000000
751	7.600000	0.000000	0.000000
752	7.610000	0.000000	0.000000
753	7.620000	0.000000	0.000000
754	7.630000	0.000000	0.000000
755	7.640000	0.000000	0.000000
756	7.650000	0.000000	0.000000
757	7.660000	0.000000	0.000000
758	7.670000	0.000000	0.000000
759	7.680000	0.000000	0.000000
760	7.690000	0.000000	0.000000
761	7.700000	0.000000	0.000000
762	7.710000	0.000000	0.000000
763	7.720000	0.000000	0.000000
764	7.730000	0.000000	0.000000
765	7.740000	0.000000	0.000000
766	7.750000	0.000000	0.000000
767	7.760000	0.000000	0.000000
768	7.770000	0.000000	0.000000
769	7.780000	0.000000	0.000000
770	7.790000	0.000000	0.000000
771	7.800000	0.000000	0.000000
772	7.810000	0.000000	0.000000
773	7.820000	0.000000	0.000000
774	7.830000	0.000000	0.000000
775	7.840000	0.000000	0.000000
776	7.850000	0.000000	0.000000
777	7.860000	0.000000	0.000000
778	7.870000	0.000000	0.000000
779	7.880000	0.000000	0.000000
780	7.890000	0.000000	0.000000
781	7.900000	0.000000	0.000000
782	7.910000	0.000000	0.000000
783	7.920000	0.000000	0.000000
784	7.930000	0.000000	0.000000
785	7.940000	0.000000	0.000000
786	7.950000	0.000000	0.000000
787	7.960000	0.000000	0.000000
788	7.970000	0.000000	0.000000
789	7.980000	0.000000	0.000000
790	7.990000	0.000000	0.000000
791	8.000000	0.000000	0.000000
792	8.010000	0.000000	0.000000
793	8.020000	0.000000	0.000000
794	8.030000	0.000000	0.000000
795	8.040000	0.000000	0.000000
796	8.050000	0.000000	0.000000
797	8.060000	0.000000	0.000000
798	8.070000	0.000000	0.000000
799	8.080000	0.000000	0.000000
800	8.090000	0.000000	0.000000
801	8.100000	0.000000	0.000000
802	8.110000	0.000000	0.000000
803	8.120000	0.000000	0.000000
804	8.130000	0.000000	0.000000
805	8.140000	0.000000	0.000000
806	8.150000	0.000000	0.000000
807	8.160000	0.000000	0.000000
808	8.170000	0.000000	0.000000
809	8.180000	0.000000	0.000000
810	8.190000	0.000000	0.000000
811	8.200000	0.000000	0.000000
812	8.210000	0.000000	0.000000
813	8.220000	0.000000	0.000000
814	8.230000	0.000000	0.000000
815	8.240000	0.000000	0.000000
816	8.250000	0.000000	0.000000
817	8.260000	0.000000	0.000000
818	8.270000	0.000000	0.000000
819	8.280000	0.000000	0.000000
820	8.290000	0.000000	0.000000
821	8.300000	0.000000	0.000000
822	8.310000	0.000000	0.000000
823	8.320000	0.000000	0.000000
824	8.330000	0.000000	0.000000
825	8.340000	0.000000	0.000000
826	8.350000	0.000000	0.000000
827	8.360000	0.000000	0.000000
828	8.370000	0.000000	0.000000
829	8.380000	0.000000	0.000000
830	8.390000	0.000000	0.000000
831	8.400000	0.000000	0.000000
832	8.410000	0.000000	0.000000
833	8.420000	0.000000	0.000000
834	8.430000	0.000000	0.000000
835	8.440000	0.000000	0.000000
836	8.450000	0.000000	0.000000
837	8.460000	0.000000	0.000000
838	8.470000	0.000000	0.000000
839	8.480000	0.000000	0.000000
840	8.490000	0.000000	0.000000
841	8.500000	0.000000	0.000000
842	8.510000	0.000000	0.000000
843	8.520000	0.000000	0.000000
844	8.530000	0.000000	0.000000
845	8.540000	0.000000	0.000000
846	8.550000	0.000000	0.000000
847	8.560000	0.000000	0.000000
848	8.570000	0.000000	0.000000
849	8.580000	0.000000	0.000000
850	8.590000	0.000000	0.000000
851	8.600000	0.000000	0.000000
852	8.610000	0.000000	0.000000
853	8.620000	0.000000	0.000000
854	8.630000	0.000000	0.000000
855	8.640000	0.000000	0.000000
856	8.650000	0.000000	0.000000
857	8.660000	0.000000	0.000000
858	8.670000	0.000000	0.000000
859	8.680000	0.000000	0.000000
860	8.690000	0.000000	0.000000
861	8.700000	0.000000	0.000000
862	8.710000	0.000000	0.000000
863	8.720000	0.000000	0.000000
864	8.730000	0.000000	0.000000
865	8.740000	0.000000	0.000000
866	8.750000	0.000000	0.000000
867	8.760000	0.000000	0.000000
868	8.770000	0.000000	0.000000
869	8.780000	0.000000	0.000000
870	8.790000	0.000000	0.000000
871	8.800000	0.000000	0.000000
872	8.810000	0.000000	0.000000
873	8.820000	0.000000	0.000000
874	8.830000	0.000000	0.000000
875	8.840000	0.000000	0.000000
876	8.850000	0.000000	0.000000
877	8.860000	0.000000	0.000000
878	8.870000	0.000000	0.000000
879	8.880000	0.000000	0.000000
880	8.890000	0.000000	0.000000
881	8.900000	0.000000	0.000000
882	8.910000	0.000000	0.000000
883	8.920000	0.000000	0.000000
884	8.930000	0.000000	0.000000
885	8.940000	0.000000	0.000000
886	8.950000	0.000000	0.000000
887	8.960000	0.000000	0.000000
888	8.970000	0.000000	0.000000
889	8.980000	0.000000	0.000000
890	8.990000	0.000000	0.000000
891	9.000000	0.000000	0.000000
892	9.010000	0.000000	0.000000
893	9.020000	0.000000	0.000000
894	9.030000	0.000000	0.000000
895	9.040000	0.000000	0.000000
896	9.050000	0.000000	0.000000
897	9.060000	0.000000	0.000000
898	9.070000	0.000000	0.000000
899	9.080000	0.000000	0.000000
900	9.090000	0.000000	0.000000
901	9.100000	0.000000	0.000000
902	9.110000	0.000000	0.000000
903	9.120000	0.000000	0.000000
904	9.130000	0.000000	0.000000
905	9.140000	0.000000	0.000000
906	9.150000	0.000000	0.000000
907	9.160000	0.000000	0.000000
908	9.170000	0.000000	0.000000
909	9.180000	0.000000	0.000000
910	9.190000	0.000000	0.000000
911	9.200000	0.000000	0.000000
912	9.210000	0.000000	0.000000
913	9.220000	0.000000	0.000000
914	9.230000	0.000000	0.000000
915	9.240000	0.000000	0.000000
916	9.250000	0.000000	0.000000
917	9.260000	0.000000	0.000000
918	9.270000	0.000000	0.000000
919	9.280000	0.000000	0.000000
920	9.290000	0.000000	0.000000
921	9.300000	0.000000	0.000000
922	9.310000	0.000000	0.000000
923	9.320000	0.000000	0.000000
924	9.330000	0.000000	0.000000
925	9.340000	0.000000	0.000000
926	9.350000	0.000000	0.000000
927	9.360000	0.000000	0.000000
928	9.370000	0.000000	0.000000
929	9.380000	0.000000	0.000000
930	9.390000	0.000000	0.000000
931	9.400000	0.000000	0.000000
932	9.410000	0.000000	0.000000
933	9.420000	0.000000	0.000000
934	9.430000	0.000000	0.000000
935	9.440000	0.000000	0.000000
936	9.450000	0.000000	0.000000
937	9.460000	0.000000	0.000000
938	9.470000	0.000000	0.000000
939	9.480000	0.000000	0.000000
940	9.490000	0.000000	0.000000
941	9.500000	0.000000	0.000000
942	9.510000	0.000000	0.000000
943	9.520000	0.000000	0.000000
944	9.530000	0.000000	0.000000
945	9.540000	0.000000	0.000000
946	9.550000	0.000000	0.000000
947	9.560000	0.000000	0.000000
948	9.570000	0.000000	0.000000
949	9.580000	0.000000	0.000000
950	9.590000	0.000000	0.000000
951	9.600000	0.000000	0.000000
952	9.610000	0.000000	0.000000
953	9.620000	0.000000	0.000000
954	9.630000	0.000000	0.000000
955	9.640000	0.000000	0.000000
956	9.650000	0.000000	0.000000
957	9.660000	0.000000	0.000000
958	9.670000	0.000000	0.000000
959	9.680000	0.000000	0.000000
960	9.690000	0.000000	0.000000
961	9.700000	0.000000	0.000000
962	9.710000	0.000000	0.000000
963	9.720000	0.000000	0.000000
964	9.730000	0.000000	0.000000
965	9.740000	0.000000	0.000000
966	9.750000	0.000000	0.000000
967	9.760000	0.000000	0.000000
968	9.770000	0.000000	0.000000
969	9.780000	0.000000	0.000000
970	9.790000	0.000000	0.000000
971	9.800000	0.000000	0.000000
972	9.810000	0.000000	0.000000
973	9.820000	0.000000	0.000000
974	9.830000	0.000000	0.000000
975	9.840000	0.000000	0.000000
976	9.850000	0.000000	0.000000
977	9.860000	0.000000	0.000000
978	9.870000	0.000000	0.000000
979	9.880000	0.000000	0.000000
980	9.890000	0.000000	0.000000
981	9.900000	0.000000	0.000000
982	9.910000	0.000000	0.000000
983	9.920000	0.000000	0.000000
984	9.930000	0.000000	0.000000
985	9.940000	0.000000	0.000000
986	9.950000	0.000000	0.000000
987	9.960000	0.000000	0.000000
988	9.970000	0.000000	0.000000
989	9.980000	0.000000	0.000000
990	9.990000	0.000000	0.000000
991	10.000000	0.000000	0.000000
